Zero R

[0.38888889 0.38888889 0.38888889 0.38888889 0.38888889 0.38888889
 0.38888889 0.38888889 0.41176471 0.47058824 0.38888889 0.38888889
 0.38888889 0.38888889 0.38888889 0.38888889 0.38888889 0.38888889
 0.41176471 0.47058824 0.38888889 0.38888889 0.38888889 0.38888889
 0.38888889 0.38888889 0.38888889 0.38888889 0.41176471 0.47058824] 

DECISION TREE

[0.94444444 0.94444444 0.83333333 0.88888889 0.77777778 0.83333333
 0.94444444 0.94444444 0.94117647 0.70588235 0.88888889 0.88888889
 0.94444444 1.         0.94444444 0.72222222 0.88888889 0.83333333
 1.         0.88235294 0.94444444 0.83333333 0.94444444 0.88888889
 0.83333333 0.83333333 0.94444444 0.83333333 0.94117647 0.94117647] 

K NEAREST NEIGHBORS

[1.         1.         1.         0.94444444 0.94444444 0.94444444
 1.         0.94444444 1.         0.82352941 0.94444444 0.94444444
 1.         1.         1.         0.77777778 1.         1.
 1.         0.88235294 0.94444444 0.94444444 0.94444444 0.94444444
 1.         1.         1.         0.94444444 0.94117647 1.        ] 

NBG

[1.         1.         1.         1.         0.88888889 1.
 1.         1.         1.         0.88235294 1.         1.
 1.         1.         1.         0.83333333 1.         1.
 1.         0.88235294 1.         1.         1.         0.94444444
 1.         0.94444444 1.         0.94444444 0.88235294 1.        ] 

KMC

[1.         1.         1.         0.94444444 0.94444444 1.
 1.         1.         1.         0.88235294 0.94444444 1.
 1.         1.         1.         0.83333333 1.         1.
 1.         0.82352941 0.94444444 0.94444444 1.         0.94444444
 0.94444444 1.         0.94444444 0.94444444 0.94117647 1.        ] 

